$ 1 0.000005 10.20027730826997 50 5 50
r 816 288 896 288 0 220
d 896 384 896 288 2 1N4148
w 896 384 816 384 0
w 1088 320 1152 320 0
g 1088 352 1088 384 0 0
r 1152 320 1152 240 0 220
R 1152 240 1152 192 0 0 40 5 0 0 0.5
w 1152 320 1200 320 0
I 1200 320 1264 320 0 0.5 5
I 1264 320 1328 320 0 0.5 5
I 464 400 528 400 0 0.5 5
I 528 400 592 400 0 0.5 5
R 464 400 416 400 1 2 50 5 0 0 0.5
r 592 400 656 400 0 10000
t 656 400 688 400 0 1 0.5692640561075426 0.6471682147683041 100
g 688 416 736 416 0 0
r 688 384 768 384 0 220
s 768 288 816 288 0 0 false
s 768 384 816 384 0 0 false
r 768 288 688 288 0 220
R 688 288 640 288 0 0 40 5 0 0 0.5
407 992 320 992 272 1
w 896 384 992 384 0
w 992 384 992 352 0
w 896 288 992 288 0
w 992 288 992 320 0
x 703 261 757 264 4 24 Pin\s5
x 698 456 752 459 4 24 Pin\s4
x 707 221 737 224 4 24 TX
x 933 226 966 229 4 24 RX
x 919 259 973 262 4 24 Pin\s5
x 916 454 970 457 4 24 Pin\s4
162 1328 432 1392 432 2 default-led 1 0 0 0.01
g 1392 432 1424 432 0 0
r 1264 432 1328 432 0 1000
150 1120 432 1264 432 0 2 0 5
L 1120 448 1088 448 0 1 false 5 0
w 1328 320 1328 384 0
w 1328 384 1120 384 0
w 1120 384 1120 416 0
r 1328 320 1328 256 0 1000
g 1328 256 1328 208 0 0
o 12 64 0 4099 5 0.00009765625 0 2 12 3
