$ 1 0.000005 10.20027730826997 50 5 50
r 816 288 896 288 0 220
d 896 384 896 288 2 1N4148
w 896 384 816 384 0
w 1088 320 1152 320 0
g 1088 384 1088 416 0 0
r 1088 320 1088 240 0 220
R 1088 240 1088 192 0 0 40 5 0 0 0.5
w 1152 320 1200 320 0
I 1200 320 1264 320 0 0.5 5
I 1200 272 1264 272 0 0.5 5
I 464 400 528 400 0 0.5 5
I 528 400 592 400 0 0.5 5
R 464 400 416 400 1 2 50 5 0 0 0.5
r 592 400 656 400 0 10000
t 656 400 688 400 0 1 0.5692640561075413 0.6471682147683043 100
g 688 416 688 480 0 0
r 688 384 768 384 0 220
s 768 288 816 288 0 0 false
s 768 384 816 384 0 0 false
r 768 288 688 288 0 220
R 688 288 688 208 0 0 40 5 0 0 0.5
407 992 320 992 272 1
w 896 384 992 384 0
w 992 384 992 352 0
w 896 288 992 288 0
w 992 288 992 320 0
x 700 321 754 324 4 24 Pin\s5
x 699 358 753 361 4 24 Pin\s4
x 617 197 647 200 4 24 TX
x 1007 210 1040 213 4 24 RX
x 823 319 877 322 4 24 Pin\s5
x 822 363 876 366 4 24 Pin\s4
162 1568 320 1568 416 2 default-led 1 0 0 0.01
g 1488 448 1488 480 0 0
150 1120 432 1264 432 0 2 5 5
w 1328 320 1328 384 0
w 1328 384 1120 384 0
w 1120 384 1120 416 0
r 1392 432 1456 432 0 10000
I 1264 432 1328 432 0 0.5 5
I 1328 432 1392 432 0 0.5 5
t 1456 432 1488 432 0 1 0.5688490136248046 0.6490566685719569 100
r 1488 416 1568 416 0 220
R 1504 320 1440 320 0 0 40 5 0 0 0.5
r 1568 320 1504 320 0 220
x 1444 181 1474 184 4 24 TX
s 1024 448 1072 448 0 0 false
r 1072 448 1072 512 0 10000
g 1072 512 1072 544 0 0
R 1024 448 960 448 0 0 40 5 0 0 0.5
w 1072 448 1120 448 0
w 1088 384 1088 352 0
w 1264 320 1328 320 0
o 12 64 0 4099 10 0.00009765625 0 2 12 3
o 32 64 0 4099 2.5 0.0125 1 2 32 3
